# Window state file for Tetris
#Wed Nov 29 15:36:39 WEST 2023
windowSizeX=785.5999755859375
windowLocationX=-5.599999904632568
windowSizeY=796.0
windowLocationY=0.0
