# Window state file for Tetris
#Wed Nov 29 15:29:35 WEST 2023
windowSizeX=785.3333129882812
windowLocationX=-5.599999904632568
windowSizeY=795.3333129882812
windowLocationY=0.0
